175
38
00
00
00
4911
0
0
1850
99
99
99
1751
1201
1751
99
99
-99
1233
-900
10
-150
0
7
-70
-1
-1
-25
-25
-900
19
7920
1
10
1098
50
0
50
-400
1
-30
50
50
50
50
670
25
0
0
-2496
-20
180
32
1
775
775
775
775
775
775
-50
50
-10100
-20
0
775
-50
50
-670
775
775
-775
775
0
0
0
10
10
-25
10
-25
0
206080
-101
-25
76
0
0
99
10
9
1000000
0
-9900
50
-50
0
0
103
1
-1
0
4
0
400
0
-400
0
10
9
-2475
-625
625
10
9
-1
0
-10100
-30
0
0
0
9
30
10
9
0
0
10
9
625
100
0
830
1228171676222717271676682261672666666666666666655555555555559999999999919877666514241199998766655555554444443333333212517281277716266266266129220712345112
1228171676222717271676682261672666666666666666655555555555559999999999919877666514241199998766655555554444443333333212517281277716266266266129220712345111
1228171676222717271676682261672666666666666666655555555555559999999999919877666514241199998766655555554444443333333212517281277716266266266129220712345111
0
0
1
0
1000
100
98
-98
1228171676222717271676682261672666666666666666655555555555559999999999919877666514241199998766655555554444443333333212517281277716266266266129220712345110
0
100
0
99
-100
0
99
10
9
121588995946048100989599154381055939999999999999989000000000004399999999911067888984909878799877898899999889999889999987103812010846493901035103510346792850522165989
1228171676222717271676682261672666666666666666655555555555559999999999919877666514241199998766655555554444443333333212517281277716266266266129220712345112
0
0
-625
-1
0
80
0
0
9801
61728394561728394561728394561728394561728394561728394
1
